Time: [27,194]
Position: [0.862496,0.193561,0.114864]
Euler: [0.05,0.0567,-0.2604]
Array: 27 194 0.862496 0.193561 0.114864 0.05 0.0567 -0.2604 
Server: 
Time: [27,194]
Position: [0.862496,0.193561,0.114863]
Euler: [0.05,0.0568,-0.2604]
Array: 27 194 0.862496 0.193561 0.114863 0.05 0.0568 -0.2604 
Server: 
Time: [27,194]
Position: [0.862496,0.19356,0.114863]
Euler: [0.05,0.0568,-0.2604]
Array: 27 194 0.862496 0.19356 0.114863 0.05 0.0568 -0.2604 
Server: 
Time: [27,194]
Position: [0.862496,0.19356,0.114862]
Euler: [0.05,0.0568,-0.2604]
Array: 27 194 0.862496 0.19356 0.114862 0.05 0.0568 -0.2604 
Server: 
Time: [27,194]
Position: [0.862495,0.19356,0.114861]
Euler: [0.05,0.0568,-0.2604]
Array: 27 194 0.862495 0.19356 0.114861 0.05 0.0568 -0.2604 
Server: 
Time: [27,194]
Position: [0.862495,0.193559,0.114861]
Euler: [0.05,0.0568,-0.2604]
Array: 27 194 0.862495 0.193559 0.114861 0.05 0.0568 -0.2604 
Server: 
Time: [27,194]
Position: [0.862495,0.193559,0.11486]
Euler: [0.05,0.0568,-0.2604]
Array: 27 194 0.862495 0.193559 0.11486 0.05 0.0568 -0.2604 
Server: 
Time: [27,194]
Position: [0.862495,0.193558,0.11486]
Euler: [0.05,0.0568,-0.2604]
Array: 27 194 0.862495 0.193558 0.11486 0.05 0.0568 -0.2604 
Server: 
Time: [27,194]
Position: [0.862495,0.193558,0.114859]
Euler: [0.05,0.0569,-0.2604]
Array: 27 194 0.862495 0.193558 0.114859 0.05 0.0569 -0.2604 
Server: 
Time: [27,194]
Position: [0.862495,0.193557,0.114859]
Euler: [0.05,0.0569,-0.2604]
Array: 27 194 0.862495 0.193557 0.114859 0.05 0.0569 -0.2604 
Server: 
Time: [27,194]
Position: [0.862494,0.193557,0.114858]
Euler: [0.05,0.0569,-0.2604]
Array: 27 194 0.862494 0.193557 0.114858 0.05 0.0569 -0.2604 
Server: 
Time: [27,194]
Position: [0.862494,0.193556,0.114857]
Euler: [0.05,0.0569,-0.2604]
Array: 27 194 0.862494 0.193556 0.114857 0.05 0.0569 -0.2604 
Server: 
Time: [27,194]
Position: [0.862494,0.193556,0.114857]
Euler: [0.05,0.0569,-0.2604]
Array: 27 194 0.862494 0.193556 0.114857 0.05 0.0569 -0.2604 
Server: 
Time: [27,194]
Position: [0.862494,0.193555,0.114856]
Euler: [0.05,0.0569,-0.2604]
Array: 27 194 0.862494 0.193555 0.114856 0.05 0.0569 -0.2604 
Server: 
Time: [27,195]
Position: [0.862494,0.193555,0.114856]
Euler: [0.05,0.057,-0.2604]
Array: 27 195 0.862494 0.193555 0.114856 0.05 0.057 -0.2604 
Server: 
Time: [27,195]
Position: [0.862494,0.193554,0.114855]
Euler: [0.0501,0.057,-0.2604]
Array: 27 195 0.862494 0.193554 0.114855 0.0501 0.057 -0.2604 
Server: 
Time: [27,195]
Position: [0.862493,0.193554,0.114855]
Euler: [0.0501,0.057,-0.2604]
Array: 27 195 0.862493 0.193554 0.114855 0.0501 0.057 -0.2604 
Server: 
Time: [27,195]
Position: [0.862493,0.193554,0.114854]
Euler: [0.0501,0.057,-0.2604]
Array: 27 195 0.862493 0.193554 0.114854 0.0501 0.057 -0.2604 
Server: 
Time: [27,195]
Position: [0.862493,0.193553,0.114853]
Euler: [0.0501,0.057,-0.2604]
Array: 27 195 0.862493 0.193553 0.114853 0.0501 0.057 -0.2604 
Server: 
Time: [27,195]
Position: [0.862493,0.193553,0.114853]
Euler: [0.0501,0.057,-0.2604]
Array: 27 195 0.862493 0.193553 0.114853 0.0501 0.057 -0.2604 
Server: 
Time: [27,195]
Position: [0.862493,0.193552,0.114852]
Euler: [0.0501,0.057,-0.2604]
Array: 27 195 0.862493 0.193552 0.114852 0.0501 0.057 -0.2604 
Server: 
Time: [27,195]
Position: [0.862493,0.193552,0.114852]
Euler: [0.0501,0.0571,-0.2604]
Array: 27 195 0.862493 0.193552 0.114852 0.0501 0.0571 -0.2604 
Server: 
Time: [27,195]
Position: [0.862492,0.193551,0.114851]
Euler: [0.0501,0.0571,-0.2604]
Array: 27 195 0.862492 0.193551 0.114851 0.0501 0.0571 -0.2604 
Server: 
Time: [27,195]
Position: [0.862492,0.193551,0.114851]
Euler: [0.0501,0.0571,-0.2604]
Array: 27 195 0.862492 0.193551 0.114851 0.0501 0.0571 -0.2604 
Server: 
Time: [27,195]
Position: [0.862492,0.19355,0.11485]
Euler: [0.0501,0.0571,-0.2604]
Array: 27 195 0.862492 0.19355 0.11485 0.0501 0.0571 -0.2604 
Server: 
Time: [27,195]
Position: [0.862492,0.19355,0.114849]
Euler: [0.0501,0.0571,-0.2604]
Array: 27 195 0.862492 0.19355 0.114849 0.0501 0.0571 -0.2604 
Server: 
Time: [27,195]
Position: [0.862492,0.193549,0.114849]
Euler: [0.0501,0.0571,-0.2604]
Array: 27 195 0.862492 0.193549 0.114849 0.0501 0.0571 -0.2604 
Server: 
Time: [27,195]
Position: [0.862491,0.193549,0.114848]
Euler: [0.0501,0.0571,-0.2604]
Array: 27 195 0.862491 0.193549 0.114848 0.0501 0.0571 -0.2604 
Server: 
Time: [27,195]
Position: [0.862491,0.193548,0.114848]
Euler: [0.0501,0.0572,-0.2605]
Array: 27 195 0.862491 0.193548 0.114848 0.0501 0.0572 -0.2605 
Server: 
Time: [27,195]
Position: [0.862491,0.193548,0.114847]
Euler: [0.0501,0.0572,-0.2605]
Array: 27 195 0.862491 0.193548 0.114847 0.0501 0.0572 -0.2605 
Server: 
Time: [27,195]
Position: [0.862491,0.193548,0.114846]
Euler: [0.0501,0.0572,-0.2605]
Array: 27 195 0.862491 0.193548 0.114846 0.0501 0.0572 -0.2605 
Server: 
Time: [27,195]
Position: [0.862491,0.193547,0.114846]
Euler: [0.0501,0.0572,-0.2605]
Array: 27 195 0.862491 0.193547 0.114846 0.0501 0.0572 -0.2605 
Server: 
Time: [27,195]
Position: [0.862491,0.193547,0.114845]
Euler: [0.0502,0.0572,-0.2605]
Array: 27 195 0.862491 0.193547 0.114845 0.0502 0.0572 -0.2605 
Server: 
Time: [27,196]
Position: [0.86249,0.193546,0.114845]
Euler: [0.0502,0.0572,-0.2605]
Array: 27 196 0.86249 0.193546 0.114845 0.0502 0.0572 -0.2605 
Server: 
Time: [27,196]
Position: [0.86249,0.193546,0.114844]
Euler: [0.0502,0.0572,-0.2605]
Array: 27 196 0.86249 0.193546 0.114844 0.0502 0.0572 -0.2605 
Server: 
Time: [27,196]
Position: [0.86249,0.193545,0.114843]
Euler: [0.0502,0.0573,-0.2605]
Array: 27 196 0.86249 0.193545 0.114843 0.0502 0.0573 -0.2605 
Server: 
Time: [27,196]
Position: [0.86249,0.193544,0.114842]
Euler: [0.0502,0.0573,-0.2605]
Array: 27 196 0.86249 0.193544 0.114842 0.0502 0.0573 -0.2605 
Server: 
Time: [27,196]
Position: [0.86249,0.193544,0.114842]
Euler: [0.0502,0.0573,-0.2605]
Array: 27 196 0.86249 0.193544 0.114842 0.0502 0.0573 -0.2605 
Server: 
Time: [27,196]
Position: [0.862489,0.193543,0.114841]
Euler: [0.0502,0.0573,-0.2605]
Array: 27 196 0.862489 0.193543 0.114841 0.0502 0.0573 -0.2605 
Server: 
Time: [27,196]
Position: [0.862489,0.193542,0.11484]
Euler: [0.0502,0.0574,-0.2605]
Array: 27 196 0.862489 0.193542 0.11484 0.0502 0.0574 -0.2605 
Server: 
Time: [27,196]
Position: [0.862489,0.193542,0.114839]
Euler: [0.0502,0.0574,-0.2605]
Array: 27 196 0.862489 0.193542 0.114839 0.0502 0.0574 -0.2605 
Server: 
Time: [27,196]
Position: [0.862489,0.193541,0.114839]
Euler: [0.0502,0.0574,-0.2605]
Array: 27 196 0.862489 0.193541 0.114839 0.0502 0.0574 -0.2605 
Server: 
Time: [27,196]
Position: [0.862488,0.193541,0.114838]
Euler: [0.0502,0.0574,-0.2605]
Array: 27 196 0.862488 0.193541 0.114838 0.0502 0.0574 -0.2605 
Server: 
Time: [27,196]
Position: [0.862488,0.19354,0.114838]
Euler: [0.0502,0.0574,-0.2605]
Array: 27 196 0.862488 0.19354 0.114838 0.0502 0.0574 -0.2605 
Server: 
Time: [27,196]
Position: [0.862488,0.19354,0.114837]
Euler: [0.0502,0.0574,-0.2605]
Array: 27 196 0.862488 0.19354 0.114837 0.0502 0.0574 -0.2605 
Server: 
Time: [27,196]
Position: [0.862488,0.193539,0.114836]
Euler: [0.0502,0.0575,-0.2605]
Array: 27 196 0.862488 0.193539 0.114836 0.0502 0.0575 -0.2605 
Server: 
Time: [27,196]
Position: [0.862488,0.193539,0.114835]
Euler: [0.0503,0.0575,-0.2605]
Array: 27 196 0.862488 0.193539 0.114835 0.0503 0.0575 -0.2605 
Server: 
Time: [27,197]
Position: [0.862487,0.193538,0.114835]
Euler: [0.0503,0.0575,-0.2605]
Array: 27 197 0.862487 0.193538 0.114835 0.0503 0.0575 -0.2605 
Server: 
Time: [27,197]
Position: [0.862487,0.193537,0.114834]
Euler: [0.0503,0.0575,-0.2605]
Array: 27 197 0.862487 0.193537 0.114834 0.0503 0.0575 -0.2605 
Server: 
Time: [27,197]
Position: [0.862487,0.193536,0.114833]
Euler: [0.0503,0.0575,-0.2605]
Array: 27 197 0.862487 0.193536 0.114833 0.0503 0.0575 -0.2605 
Server: 
Time: [27,197]
Position: [0.862487,0.193536,0.114832]
Euler: [0.0503,0.0576,-0.2605]
Array: 27 197 0.862487 0.193536 0.114832 0.0503 0.0576 -0.2605 
Server: 
Time: [27,197]
Position: [0.862486,0.193535,0.114831]
Euler: [0.0503,0.0576,-0.2605]
Array: 27 197 0.862486 0.193535 0.114831 0.0503 0.0576 -0.2605 
Server: 
Time: [27,197]
Position: [0.862486,0.193534,0.11483]
Euler: [0.0503,0.0576,-0.2605]
Array: 27 197 0.862486 0.193534 0.11483 0.0503 0.0576 -0.2605 
Server: 
Time: [27,197]
Position: [0.862486,0.193533,0.114829]
Euler: [0.0503,0.0576,-0.2605]
Array: 27 197 0.862486 0.193533 0.114829 0.0503 0.0576 -0.2605 
Server: 
Time: [27,197]
Position: [0.862485,0.193532,0.114828]
Euler: [0.0503,0.0577,-0.2605]
Array: 27 197 0.862485 0.193532 0.114828 0.0503 0.0577 -0.2605 
Server: 
Time: [27,197]
Position: [0.862485,0.193532,0.114827]
Euler: [0.0503,0.0577,-0.2605]
Array: 27 197 0.862485 0.193532 0.114827 0.0503 0.0577 -0.2605 
Server: 
Time: [27,197]
Position: [0.862485,0.193531,0.114825]
Euler: [0.0504,0.0577,-0.2605]
Array: 27 197 0.862485 0.193531 0.114825 0.0504 0.0577 -0.2605 
Server: 
Time: [27,198]
Position: [0.862484,0.19353,0.114824]
Euler: [0.0504,0.0578,-0.2606]
Array: 27 198 0.862484 0.19353 0.114824 0.0504 0.0578 -0.2606 
Server: 
Time: [27,198]
Position: [0.862484,0.193529,0.114823]
Euler: [0.0504,0.0578,-0.2606]
Array: 27 198 0.862484 0.193529 0.114823 0.0504 0.0578 -0.2606 
Server: 
Time: [27,198]
Position: [0.862484,0.193528,0.114822]
Euler: [0.0504,0.0578,-0.2606]
Array: 27 198 0.862484 0.193528 0.114822 0.0504 0.0578 -0.2606 
Server: 
Time: [27,198]
Position: [0.862484,0.193528,0.114822]
Euler: [0.0504,0.0578,-0.2606]
Array: 27 198 0.862484 0.193528 0.114822 0.0504 0.0578 -0.2606 
Server: 
Time: [27,458]
Position: [0.862609,0.193904,0.114623]
Euler: [0.0449,0.0629,-0.2591]
Array: 27 458 0.862609 0.193904 0.114623 0.0449 0.0629 -0.2591 
Server: 
Time: [27,458]
Position: [0.862519,0.193725,0.114761]
Euler: [0.0474,0.0604,-0.2597]
Array: 27 458 0.862519 0.193725 0.114761 0.0474 0.0604 -0.2597 
Server: 
Time: [27,458]
Position: [0.862518,0.193725,0.11476]
Euler: [0.0474,0.0604,-0.2597]
Array: 27 458 0.862518 0.193725 0.11476 0.0474 0.0604 -0.2597 
Server: 
Time: [27,458]
Position: [0.862518,0.193724,0.11476]
Euler: [0.0474,0.0604,-0.2597]
Array: 27 458 0.862518 0.193724 0.11476 0.0474 0.0604 -0.2597 
Server: 
Time: [27,458]
Position: [0.862518,0.193724,0.11476]
Euler: [0.0474,0.0604,-0.2597]
Array: 27 458 0.862518 0.193724 0.11476 0.0474 0.0604 -0.2597 
Server: 
Time: [27,458]
Position: [0.862518,0.193723,0.114759]
Euler: [0.0474,0.0604,-0.2597]
Array: 27 458 0.862518 0.193723 0.114759 0.0474 0.0604 -0.2597 
Server: 
Time: [27,458]
Position: [0.862517,0.193723,0.114759]
Euler: [0.0474,0.0604,-0.2597]
Array: 27 458 0.862517 0.193723 0.114759 0.0474 0.0604 -0.2597 
Server: 
Time: [27,458]
Position: [0.862517,0.193723,0.114759]
Euler: [0.0474,0.0605,-0.2597]
Array: 27 458 0.862517 0.193723 0.114759 0.0474 0.0605 -0.2597 
Server: 
Time: [27,458]
Position: [0.862517,0.193722,0.114758]
Euler: [0.0474,0.0605,-0.2597]
Array: 27 458 0.862517 0.193722 0.114758 0.0474 0.0605 -0.2597 
Server: 
Time: [27,458]
Position: [0.862516,0.193722,0.114758]
Euler: [0.0474,0.0605,-0.2597]
Array: 27 458 0.862516 0.193722 0.114758 0.0474 0.0605 -0.2597 
Server: 
Time: [27,458]
Position: [0.862516,0.193722,0.114758]
Euler: [0.0474,0.0605,-0.2597]
Array: 27 458 0.862516 0.193722 0.114758 0.0474 0.0605 -0.2597 
Server: 
Time: [27,458]
Position: [0.862516,0.193721,0.114758]
Euler: [0.0474,0.0605,-0.2597]
Array: 27 458 0.862516 0.193721 0.114758 0.0474 0.0605 -0.2597 
Server: 
Time: [27,458]
Position: [0.862515,0.193721,0.114757]
Euler: [0.0474,0.0605,-0.2597]
Array: 27 458 0.862515 0.193721 0.114757 0.0474 0.0605 -0.2597 
Server: 
Time: [27,458]
Position: [0.862515,0.193721,0.114757]
Euler: [0.0474,0.0605,-0.2597]
Array: 27 458 0.862515 0.193721 0.114757 0.0474 0.0605 -0.2597 
Server: 
Time: [27,459]
Position: [0.862515,0.19372,0.114757]
Euler: [0.0475,0.0606,-0.2597]
Array: 27 459 0.862515 0.19372 0.114757 0.0475 0.0606 -0.2597 
Server: 
Time: [27,459]
Position: [0.862514,0.19372,0.114756]
Euler: [0.0475,0.0606,-0.2597]
Array: 27 459 0.862514 0.19372 0.114756 0.0475 0.0606 -0.2597 
Server: 
Time: [27,459]
Position: [0.862514,0.19372,0.114756]
Euler: [0.0475,0.0606,-0.2597]
Array: 27 459 0.862514 0.19372 0.114756 0.0475 0.0606 -0.2597 
Server: 
Time: [27,459]
Position: [0.862514,0.193719,0.114756]
Euler: [0.0475,0.0606,-0.2597]
Array: 27 459 0.862514 0.193719 0.114756 0.0475 0.0606 -0.2597 
Server: 
Time: [27,459]
Position: [0.862514,0.193719,0.114756]
Euler: [0.0475,0.0606,-0.2597]
Array: 27 459 0.862514 0.193719 0.114756 0.0475 0.0606 -0.2597 
Server: 
Time: [27,459]
Position: [0.862513,0.193719,0.114755]
Euler: [0.0475,0.0606,-0.2597]
Array: 27 459 0.862513 0.193719 0.114755 0.0475 0.0606 -0.2597 
Server: 
Time: [27,459]
Position: [0.862513,0.193718,0.114755]
Euler: [0.0475,0.0607,-0.2597]
Array: 27 459 0.862513 0.193718 0.114755 0.0475 0.0607 -0.2597 
Server: 
Time: [27,459]
Position: [0.862513,0.193718,0.114755]
Euler: [0.0475,0.0607,-0.2597]
Array: 27 459 0.862513 0.193718 0.114755 0.0475 0.0607 -0.2597 
Server: 
Time: [27,459]
Position: [0.862512,0.193718,0.114754]
Euler: [0.0475,0.0607,-0.2597]
Array: 27 459 0.862512 0.193718 0.114754 0.0475 0.0607 -0.2597 
Server: 
Time: [27,459]
Position: [0.862512,0.193717,0.114754]
Euler: [0.0475,0.0607,-0.2597]
Array: 27 459 0.862512 0.193717 0.114754 0.0475 0.0607 -0.2597 
Server: 
Time: [27,459]
Position: [0.862512,0.193717,0.114754]
Euler: [0.0475,0.0607,-0.2597]
Array: 27 459 0.862512 0.193717 0.114754 0.0475 0.0607 -0.2597 
Server: 
Time: [27,459]
Position: [0.862511,0.193717,0.114753]
Euler: [0.0475,0.0607,-0.2597]
Array: 27 459 0.862511 0.193717 0.114753 0.0475 0.0607 -0.2597 
Server: 
Time: [27,459]
Position: [0.862511,0.193716,0.114753]
Euler: [0.0475,0.0607,-0.2597]
Array: 27 459 0.862511 0.193716 0.114753 0.0475 0.0607 -0.2597 
Server: 
Time: [27,459]
Position: [0.862511,0.193716,0.114753]
Euler: [0.0475,0.0608,-0.2597]
Array: 27 459 0.862511 0.193716 0.114753 0.0475 0.0608 -0.2597 
Server: 
Time: [27,459]
Position: [0.86251,0.193716,0.114753]
Euler: [0.0475,0.0608,-0.2597]
Array: 27 459 0.86251 0.193716 0.114753 0.0475 0.0608 -0.2597 
Server: 
Time: [27,459]
Position: [0.86251,0.193715,0.114752]
Euler: [0.0475,0.0608,-0.2597]
Array: 27 459 0.86251 0.193715 0.114752 0.0475 0.0608 -0.2597 
Server: 
Time: [27,459]
Position: [0.86251,0.193715,0.114752]
Euler: [0.0475,0.0608,-0.2597]
Array: 27 459 0.86251 0.193715 0.114752 0.0475 0.0608 -0.2597 
Server: 
Time: [27,459]
Position: [0.862509,0.193715,0.114752]
Euler: [0.0475,0.0608,-0.2597]
Array: 27 459 0.862509 0.193715 0.114752 0.0475 0.0608 -0.2597 
Server: 
Time: [27,459]
Position: [0.862509,0.193714,0.114751]
Euler: [0.0475,0.0608,-0.2597]
Array: 27 459 0.862509 0.193714 0.114751 0.0475 0.0608 -0.2597 
Server: 
Time: [27,460]
Position: [0.862509,0.193714,0.114751]
Euler: [0.0475,0.0609,-0.2597]
Array: 27 460 0.862509 0.193714 0.114751 0.0475 0.0609 -0.2597 
Server: 
Time: [27,460]
Position: [0.862508,0.193713,0.114751]
Euler: [0.0475,0.0609,-0.2597]
Array: 27 460 0.862508 0.193713 0.114751 0.0475 0.0609 -0.2597 
Server: 
Time: [27,460]
Position: [0.862508,0.193713,0.11475]
Euler: [0.0475,0.0609,-0.2597]
Array: 27 460 0.862508 0.193713 0.11475 0.0475 0.0609 -0.2597 
Server: 
Time: [27,460]
Position: [0.862508,0.193713,0.11475]
Euler: [0.0476,0.0609,-0.2597]
Array: 27 460 0.862508 0.193713 0.11475 0.0476 0.0609 -0.2597 
Server: 
Time: [27,460]
Position: [0.862507,0.193712,0.11475]
Euler: [0.0476,0.0609,-0.2597]
Array: 27 460 0.862507 0.193712 0.11475 0.0476 0.0609 -0.2597 
Server: 
Time: [27,460]
Position: [0.862507,0.193712,0.114749]
Euler: [0.0476,0.0609,-0.2597]
Array: 27 460 0.862507 0.193712 0.114749 0.0476 0.0609 -0.2597 
Server: 
Time: [27,460]
Position: [0.862507,0.193712,0.114749]
Euler: [0.0476,0.0609,-0.2597]
Array: 27 460 0.862507 0.193712 0.114749 0.0476 0.0609 -0.2597 
Server: 
Time: [27,460]
Position: [0.862506,0.193711,0.114749]
Euler: [0.0476,0.061,-0.2597]
Array: 27 460 0.862506 0.193711 0.114749 0.0476 0.061 -0.2597 
Server: 
Time: [27,460]
Position: [0.862506,0.193711,0.114749]
Euler: [0.0476,0.061,-0.2597]
Array: 27 460 0.862506 0.193711 0.114749 0.0476 0.061 -0.2597 
Server: 
Time: [27,460]
Position: [0.862506,0.19371,0.114748]
Euler: [0.0476,0.061,-0.2597]
Array: 27 460 0.862506 0.19371 0.114748 0.0476 0.061 -0.2597 
Server: 
Time: [27,460]
Position: [0.862506,0.19371,0.114748]
Euler: [0.0476,0.061,-0.2598]
Array: 27 460 0.862506 0.19371 0.114748 0.0476 0.061 -0.2598 
Server: 
Time: [27,460]
Position: [0.862505,0.19371,0.114748]
Euler: [0.0476,0.061,-0.2598]
Array: 27 460 0.862505 0.19371 0.114748 0.0476 0.061 -0.2598 
Server: 
Time: [27,460]
Position: [0.862505,0.193709,0.114747]
Euler: [0.0476,0.061,-0.2598]
Array: 27 460 0.862505 0.193709 0.114747 0.0476 0.061 -0.2598 
Server: 
Time: [27,460]
Position: [0.862505,0.193709,0.114747]
Euler: [0.0476,0.061,-0.2598]
Array: 27 460 0.862505 0.193709 0.114747 0.0476 0.061 -0.2598 
Server: 
Time: [27,460]
Position: [0.862504,0.193709,0.114747]
Euler: [0.0476,0.0611,-0.2598]
Array: 27 460 0.862504 0.193709 0.114747 0.0476 0.0611 -0.2598 
Server: 
Time: [27,460]
Position: [0.862504,0.193708,0.114746]
Euler: [0.0476,0.0611,-0.2598]
Array: 27 460 0.862504 0.193708 0.114746 0.0476 0.0611 -0.2598 
Server: 
Time: [27,460]
Position: [0.862504,0.193708,0.114746]
Euler: [0.0476,0.0611,-0.2598]
Array: 27 460 0.862504 0.193708 0.114746 0.0476 0.0611 -0.2598 
Server: 
Time: [27,460]
Position: [0.862503,0.193708,0.114746]
Euler: [0.0476,0.0611,-0.2598]
Array: 27 460 0.862503 0.193708 0.114746 0.0476 0.0611 -0.2598 
Server: 
Time: [27,461]
Position: [0.862503,0.193707,0.114745]
Euler: [0.0476,0.0611,-0.2598]
Array: 27 461 0.862503 0.193707 0.114745 0.0476 0.0611 -0.2598 
Server: 
Time: [27,461]
Position: [0.862503,0.193707,0.114745]
Euler: [0.0476,0.0611,-0.2598]
Array: 27 461 0.862503 0.193707 0.114745 0.0476 0.0611 -0.2598 
Server: 
Time: [27,461]
Position: [0.862502,0.193707,0.114745]
Euler: [0.0476,0.0612,-0.2598]
Array: 27 461 0.862502 0.193707 0.114745 0.0476 0.0612 -0.2598 
Server: 
Time: [27,461]
Position: [0.862502,0.193706,0.114745]
Euler: [0.0476,0.0612,-0.2598]
Array: 27 461 0.862502 0.193706 0.114745 0.0476 0.0612 -0.2598 
Server: 
Time: [27,461]
Position: [0.862502,0.193706,0.114744]
Euler: [0.0476,0.0612,-0.2598]
Array: 27 461 0.862502 0.193706 0.114744 0.0476 0.0612 -0.2598 
Server: 
Time: [27,461]
Position: [0.862501,0.193706,0.114744]
Euler: [0.0476,0.0612,-0.2598]
Array: 27 461 0.862501 0.193706 0.114744 0.0476 0.0612 -0.2598 
Server: 
Time: [27,461]
Position: [0.862501,0.193705,0.114744]
Euler: [0.0476,0.0612,-0.2598]
Array: 27 461 0.862501 0.193705 0.114744 0.0476 0.0612 -0.2598 
Server: 
Time: [27,461]
Position: [0.862501,0.193705,0.114743]
Euler: [0.0476,0.0612,-0.2598]
Array: 27 461 0.862501 0.193705 0.114743 0.0476 0.0612 -0.2598 
Server: 
Time: [27,461]
Position: [0.862501,0.193705,0.114743]
Euler: [0.0477,0.0612,-0.2598]
Array: 27 461 0.862501 0.193705 0.114743 0.0477 0.0612 -0.2598 
Server: 
Time: [27,461]
Position: [0.8625,0.193704,0.114743]
Euler: [0.0477,0.0613,-0.2598]
Array: 27 461 0.8625 0.193704 0.114743 0.0477 0.0613 -0.2598 
Server: 
Time: [27,461]
Position: [0.8625,0.193704,0.114743]
Euler: [0.0477,0.0613,-0.2598]
Array: 27 461 0.8625 0.193704 0.114743 0.0477 0.0613 -0.2598 
Server: 
Time: [27,461]
Position: [0.8625,0.193704,0.114742]
Euler: [0.0477,0.0613,-0.2598]
Array: 27 461 0.8625 0.193704 0.114742 0.0477 0.0613 -0.2598 
Server: 
Time: [27,461]
Position: [0.862499,0.193703,0.114742]
Euler: [0.0477,0.0613,-0.2598]
Array: 27 461 0.862499 0.193703 0.114742 0.0477 0.0613 -0.2598 
Server: 
Time: [27,461]
Position: [0.862499,0.193703,0.114742]
Euler: [0.0477,0.0613,-0.2598]
Array: 27 461 0.862499 0.193703 0.114742 0.0477 0.0613 -0.2598 
Server: 
Time: [27,461]
Position: [0.862499,0.193703,0.114741]
Euler: [0.0477,0.0613,-0.2598]
Array: 27 461 0.862499 0.193703 0.114741 0.0477 0.0613 -0.2598 
Server: 
Time: [27,461]
Position: [0.862498,0.193702,0.114741]
Euler: [0.0477,0.0613,-0.2598]
Array: 27 461 0.862498 0.193702 0.114741 0.0477 0.0613 -0.2598 
Server: 
Time: [27,461]
Position: [0.862498,0.193702,0.114741]
Euler: [0.0477,0.0614,-0.2598]
Array: 27 461 0.862498 0.193702 0.114741 0.0477 0.0614 -0.2598 
Server: 
Time: [27,461]
Position: [0.862498,0.193701,0.11474]
Euler: [0.0477,0.0614,-0.2598]
Array: 27 461 0.862498 0.193701 0.11474 0.0477 0.0614 -0.2598 
Server: 
Time: [27,462]
Position: [0.862497,0.193701,0.11474]
Euler: [0.0477,0.0614,-0.2598]
Array: 27 462 0.862497 0.193701 0.11474 0.0477 0.0614 -0.2598 
Server: 
Time: [27,462]
Position: [0.862497,0.193701,0.11474]
Euler: [0.0477,0.0614,-0.2598]
Array: 27 462 0.862497 0.193701 0.11474 0.0477 0.0614 -0.2598 
Server: 
Time: [27,462]
Position: [0.862497,0.1937,0.11474]
Euler: [0.0477,0.0614,-0.2598]
Array: 27 462 0.862497 0.1937 0.11474 0.0477 0.0614 -0.2598 
Server: 
Time: [27,462]
Position: [0.862497,0.1937,0.114739]
Euler: [0.0477,0.0614,-0.2598]
Array: 27 462 0.862497 0.1937 0.114739 0.0477 0.0614 -0.2598 
Server: 
Time: [27,462]
Position: [0.862496,0.1937,0.114739]
Euler: [0.0477,0.0614,-0.2598]
Array: 27 462 0.862496 0.1937 0.114739 0.0477 0.0614 -0.2598 
Server: 
Time: [27,462]
Position: [0.862496,0.193699,0.114739]
Euler: [0.0477,0.0615,-0.2598]
Array: 27 462 0.862496 0.193699 0.114739 0.0477 0.0615 -0.2598 
Server: 
Time: [27,462]
Position: [0.862496,0.193699,0.114738]
Euler: [0.0477,0.0615,-0.2598]
Array: 27 462 0.862496 0.193699 0.114738 0.0477 0.0615 -0.2598 
Server: 
Time: [27,462]
Position: [0.862495,0.193699,0.114738]
Euler: [0.0477,0.0615,-0.2598]
Array: 27 462 0.862495 0.193699 0.114738 0.0477 0.0615 -0.2598 
Server: 
Time: [27,462]
Position: [0.862495,0.193698,0.114738]
Euler: [0.0477,0.0615,-0.2598]
Array: 27 462 0.862495 0.193698 0.114738 0.0477 0.0615 -0.2598 
Server: 
Time: [27,462]
Position: [0.862495,0.193698,0.114738]
Euler: [0.0477,0.0615,-0.2598]
Array: 27 462 0.862495 0.193698 0.114738 0.0477 0.0615 -0.2598 
Server: 
Time: [27,462]
Position: [0.862494,0.193698,0.114737]
Euler: [0.0477,0.0615,-0.2598]
Array: 27 462 0.862494 0.193698 0.114737 0.0477 0.0615 -0.2598 
Server: 
Time: [27,462]
Position: [0.862494,0.193697,0.114737]
Euler: [0.0477,0.0615,-0.2598]
Array: 27 462 0.862494 0.193697 0.114737 0.0477 0.0615 -0.2598 
Server: 
Time: [27,462]
Position: [0.862494,0.193697,0.114737]
Euler: [0.0477,0.0616,-0.2598]
Array: 27 462 0.862494 0.193697 0.114737 0.0477 0.0616 -0.2598 
Server: 
Time: [27,462]
Position: [0.862493,0.193697,0.114736]
Euler: [0.0478,0.0616,-0.2598]
Array: 27 462 0.862493 0.193697 0.114736 0.0478 0.0616 -0.2598 
Server: 
Time: [27,462]
Position: [0.862493,0.193696,0.114736]
Euler: [0.0478,0.0616,-0.2598]
Array: 27 462 0.862493 0.193696 0.114736 0.0478 0.0616 -0.2598 
Server: 
Time: [27,462]
Position: [0.862493,0.193696,0.114736]
Euler: [0.0478,0.0616,-0.2598]
Array: 27 462 0.862493 0.193696 0.114736 0.0478 0.0616 -0.2598 
Server: 
Time: [27,462]
Position: [0.862493,0.193696,0.114735]
Euler: [0.0478,0.0616,-0.2598]
Array: 27 462 0.862493 0.193696 0.114735 0.0478 0.0616 -0.2598 
Server: 
Time: [27,462]
Position: [0.862492,0.193695,0.114735]
Euler: [0.0478,0.0616,-0.2598]
Array: 27 462 0.862492 0.193695 0.114735 0.0478 0.0616 -0.2598 
Server: 
Time: [27,462]
Position: [0.862492,0.193695,0.114735]
Euler: [0.0478,0.0616,-0.2598]
Array: 27 462 0.862492 0.193695 0.114735 0.0478 0.0616 -0.2598 
Server: 
Time: [27,463]
Position: [0.862492,0.193695,0.114735]
Euler: [0.0478,0.0617,-0.2598]
Array: 27 463 0.862492 0.193695 0.114735 0.0478 0.0617 -0.2598 
Server: 
Time: [27,463]
Position: [0.862491,0.193694,0.114734]
Euler: [0.0478,0.0617,-0.2598]
Array: 27 463 0.862491 0.193694 0.114734 0.0478 0.0617 -0.2598 
Server: 
Time: [27,463]
Position: [0.862491,0.193694,0.114734]
Euler: [0.0478,0.0617,-0.2598]
Array: 27 463 0.862491 0.193694 0.114734 0.0478 0.0617 -0.2598 
Server: 
Time: [27,463]
Position: [0.862491,0.193694,0.114734]
Euler: [0.0478,0.0617,-0.2598]
Array: 27 463 0.862491 0.193694 0.114734 0.0478 0.0617 -0.2598 
Server: 
Time: [27,463]
Position: [0.86249,0.193693,0.114733]
Euler: [0.0478,0.0617,-0.2598]
Array: 27 463 0.86249 0.193693 0.114733 0.0478 0.0617 -0.2598 
Server: 
Time: [27,463]
Position: [0.86249,0.193693,0.114733]
Euler: [0.0478,0.0617,-0.2598]
Array: 27 463 0.86249 0.193693 0.114733 0.0478 0.0617 -0.2598 
Server: 
Time: [27,463]
Position: [0.86249,0.193692,0.114733]
Euler: [0.0478,0.0618,-0.2598]
Array: 27 463 0.86249 0.193692 0.114733 0.0478 0.0618 -0.2598 
Server: 
Time: [27,463]
Position: [0.862489,0.193692,0.114732]
Euler: [0.0478,0.0618,-0.2599]
Array: 27 463 0.862489 0.193692 0.114732 0.0478 0.0618 -0.2599 
Server: 
Time: [27,463]
Position: [0.862489,0.193692,0.114732]
Euler: [0.0478,0.0618,-0.2599]
Array: 27 463 0.862489 0.193692 0.114732 0.0478 0.0618 -0.2599 
Server: 
Time: [27,463]
Position: [0.862489,0.193691,0.114732]
Euler: [0.0478,0.0618,-0.2599]
Array: 27 463 0.862489 0.193691 0.114732 0.0478 0.0618 -0.2599 
Server: 
Time: [27,463]
Position: [0.862488,0.193691,0.114732]
Euler: [0.0478,0.0618,-0.2599]
Array: 27 463 0.862488 0.193691 0.114732 0.0478 0.0618 -0.2599 
Server: 
Time: [27,463]
Position: [0.862488,0.193691,0.114731]
Euler: [0.0478,0.0618,-0.2599]
Array: 27 463 0.862488 0.193691 0.114731 0.0478 0.0618 -0.2599 
Server: 
Time: [27,463]
Position: [0.862488,0.19369,0.114731]
Euler: [0.0478,0.0618,-0.2599]
Array: 27 463 0.862488 0.19369 0.114731 0.0478 0.0618 -0.2599 
Server: 
Time: [27,463]
Position: [0.862488,0.19369,0.114731]
Euler: [0.0478,0.0619,-0.2599]
Array: 27 463 0.862488 0.19369 0.114731 0.0478 0.0619 -0.2599 
Server: 
Time: [27,463]
Position: [0.862487,0.19369,0.11473]
Euler: [0.0478,0.0619,-0.2599]
Array: 27 463 0.862487 0.19369 0.11473 0.0478 0.0619 -0.2599 
Server: 
Time: [27,463]
Position: [0.862487,0.193689,0.11473]
Euler: [0.0478,0.0619,-0.2599]
Array: 27 463 0.862487 0.193689 0.11473 0.0478 0.0619 -0.2599 
Server: 
Time: [27,463]
Position: [0.862487,0.193689,0.11473]
Euler: [0.0479,0.0619,-0.2599]
Array: 27 463 0.862487 0.193689 0.11473 0.0479 0.0619 -0.2599 
Server: 
Time: [27,463]
Position: [0.862486,0.193689,0.11473]
Euler: [0.0479,0.0619,-0.2599]
Array: 27 463 0.862486 0.193689 0.11473 0.0479 0.0619 -0.2599 
Server: 
Time: [27,463]
Position: [0.862486,0.193688,0.114729]
Euler: [0.0479,0.0619,-0.2599]
Array: 27 463 0.862486 0.193688 0.114729 0.0479 0.0619 -0.2599 
Server: 
Time: [27,464]
Position: [0.862486,0.193688,0.114729]
Euler: [0.0479,0.0619,-0.2599]
Array: 27 464 0.862486 0.193688 0.114729 0.0479 0.0619 -0.2599 
Server: 
Time: [27,464]
Position: [0.862485,0.193688,0.114729]
Euler: [0.0479,0.062,-0.2599]
Array: 27 464 0.862485 0.193688 0.114729 0.0479 0.062 -0.2599 
Server: 
Time: [27,464]
Position: [0.862485,0.193687,0.114728]
Euler: [0.0479,0.062,-0.2599]
Array: 27 464 0.862485 0.193687 0.114728 0.0479 0.062 -0.2599 
Server: 
Time: [27,464]
Position: [0.862485,0.193687,0.114728]
Euler: [0.0479,0.062,-0.2599]
Array: 27 464 0.862485 0.193687 0.114728 0.0479 0.062 -0.2599 
Server: 
Time: [27,464]
Position: [0.862485,0.193687,0.114728]
Euler: [0.0479,0.062,-0.2599]
Array: 27 464 0.862485 0.193687 0.114728 0.0479 0.062 -0.2599 
Server: 
Time: [27,464]
Position: [0.862484,0.193686,0.114727]
Euler: [0.0479,0.062,-0.2599]
Array: 27 464 0.862484 0.193686 0.114727 0.0479 0.062 -0.2599 
Server: 
Time: [27,464]
Position: [0.862484,0.193686,0.114727]
Euler: [0.0479,0.062,-0.2599]
Array: 27 464 0.862484 0.193686 0.114727 0.0479 0.062 -0.2599 
Server: 
Time: [27,464]
Position: [0.862484,0.193686,0.114727]
Euler: [0.0479,0.062,-0.2599]
Array: 27 464 0.862484 0.193686 0.114727 0.0479 0.062 -0.2599 
Server: 
Time: [27,464]
Position: [0.862483,0.193685,0.114727]
Euler: [0.0479,0.0621,-0.2599]
Array: 27 464 0.862483 0.193685 0.114727 0.0479 0.0621 -0.2599 
Server: 
Time: [27,464]
Position: [0.862483,0.193685,0.114726]
Euler: [0.0479,0.0621,-0.2599]
Array: 27 464 0.862483 0.193685 0.114726 0.0479 0.0621 -0.2599 
Server: 
Time: [27,464]
Position: [0.862483,0.193685,0.114726]
Euler: [0.0479,0.0621,-0.2599]
Array: 27 464 0.862483 0.193685 0.114726 0.0479 0.0621 -0.2599 
Server: 
Time: [27,464]
Position: [0.862482,0.193684,0.114726]
Euler: [0.0479,0.0621,-0.2599]
Array: 27 464 0.862482 0.193684 0.114726 0.0479 0.0621 -0.2599 
Server: 
Time: [27,464]
Position: [0.862482,0.193684,0.114725]
Euler: [0.0479,0.0621,-0.2599]
Array: 27 464 0.862482 0.193684 0.114725 0.0479 0.0621 -0.2599 
Server: 
Time: [27,464]
Position: [0.862482,0.193684,0.114725]
Euler: [0.0479,0.0621,-0.2599]
Array: 27 464 0.862482 0.193684 0.114725 0.0479 0.0621 -0.2599 
Server: 
Time: [27,464]
Position: [0.862481,0.193683,0.114725]
Euler: [0.0479,0.0621,-0.2599]
Array: 27 464 0.862481 0.193683 0.114725 0.0479 0.0621 -0.2599 
Server: 
Time: [27,464]
Position: [0.862481,0.193683,0.114725]
Euler: [0.0479,0.0622,-0.2599]
Array: 27 464 0.862481 0.193683 0.114725 0.0479 0.0622 -0.2599 
Server: 
Time: [27,464]
Position: [0.862481,0.193683,0.114724]
Euler: [0.0479,0.0622,-0.2599]
Array: 27 464 0.862481 0.193683 0.114724 0.0479 0.0622 -0.2599 
Server: 
Time: [27,464]
Position: [0.862481,0.193682,0.114724]
Euler: [0.0479,0.0622,-0.2599]
Array: 27 464 0.862481 0.193682 0.114724 0.0479 0.0622 -0.2599 
Server: 
Time: [27,464]
Position: [0.86248,0.193682,0.114724]
Euler: [0.0479,0.0622,-0.2599]
Array: 27 464 0.86248 0.193682 0.114724 0.0479 0.0622 -0.2599 
Server: 
Time: [27,465]
Position: [0.86248,0.193682,0.114723]
Euler: [0.0479,0.0622,-0.2599]
Array: 27 465 0.86248 0.193682 0.114723 0.0479 0.0622 -0.2599 
Server: 
Time: [27,465]
Position: [0.86248,0.193681,0.114723]
Euler: [0.048,0.0622,-0.2599]
Array: 27 465 0.86248 0.193681 0.114723 0.048 0.0622 -0.2599 
Server: 
Time: [27,465]
Position: [0.862479,0.193681,0.114723]
Euler: [0.048,0.0622,-0.2599]
Array: 27 465 0.862479 0.193681 0.114723 0.048 0.0622 -0.2599 
Server: 
Time: [27,465]
Position: [0.862479,0.193681,0.114723]
Euler: [0.048,0.0623,-0.2599]
Array: 27 465 0.862479 0.193681 0.114723 0.048 0.0623 -0.2599 
Server: 
Time: [27,465]
Position: [0.862479,0.19368,0.114722]
Euler: [0.048,0.0623,-0.2599]
Array: 27 465 0.862479 0.19368 0.114722 0.048 0.0623 -0.2599 
Server: 
Time: [27,465]
Position: [0.862478,0.19368,0.114722]
Euler: [0.048,0.0623,-0.2599]
Array: 27 465 0.862478 0.19368 0.114722 0.048 0.0623 -0.2599 
Server: 
Time: [27,465]
Position: [0.862478,0.19368,0.114722]
Euler: [0.048,0.0623,-0.2599]
Array: 27 465 0.862478 0.19368 0.114722 0.048 0.0623 -0.2599 
Server: 
Time: [27,465]
Position: [0.862478,0.193679,0.114721]
Euler: [0.048,0.0623,-0.2599]
Array: 27 465 0.862478 0.193679 0.114721 0.048 0.0623 -0.2599 
Server: 
Time: [27,465]
Position: [0.862477,0.193679,0.114721]
Euler: [0.048,0.0623,-0.2599]
Array: 27 465 0.862477 0.193679 0.114721 0.048 0.0623 -0.2599 
Server: 
Time: [27,465]
Position: [0.862477,0.193679,0.114721]
Euler: [0.048,0.0623,-0.2599]
Array: 27 465 0.862477 0.193679 0.114721 0.048 0.0623 -0.2599 
Server: 
Time: [27,465]
Position: [0.862477,0.193678,0.11472]
Euler: [0.048,0.0624,-0.2599]
Array: 27 465 0.862477 0.193678 0.11472 0.048 0.0624 -0.2599 
Server: 
Time: [27,465]
Position: [0.862477,0.193678,0.11472]
Euler: [0.048,0.0624,-0.2599]
Array: 27 465 0.862477 0.193678 0.11472 0.048 0.0624 -0.2599 
Server: 
Time: [27,465]
Position: [0.862476,0.193677,0.11472]
Euler: [0.048,0.0624,-0.2599]
Array: 27 465 0.862476 0.193677 0.11472 0.048 0.0624 -0.2599 
Server: 
Time: [27,465]
Position: [0.862476,0.193677,0.11472]
Euler: [0.048,0.0624,-0.2599]
Array: 27 465 0.862476 0.193677 0.11472 0.048 0.0624 -0.2599 
Server: 
Time: [27,465]
Position: [0.862476,0.193677,0.114719]
Euler: [0.048,0.0624,-0.2599]
Array: 27 465 0.862476 0.193677 0.114719 0.048 0.0624 -0.2599 
Server: 
Time: [27,465]
Position: [0.862475,0.193676,0.114719]
Euler: [0.048,0.0624,-0.2599]
Array: 27 465 0.862475 0.193676 0.114719 0.048 0.0624 -0.2599 
Server: 
Time: [27,465]
Position: [0.862475,0.193676,0.114718]
Euler: [0.048,0.0625,-0.2599]
Array: 27 465 0.862475 0.193676 0.114718 0.048 0.0625 -0.2599 
Server: 
Time: [27,466]
Position: [0.862474,0.193675,0.114718]
Euler: [0.048,0.0625,-0.2599]
Array: 27 466 0.862474 0.193675 0.114718 0.048 0.0625 -0.2599 
Server: 
Time: [27,466]
Position: [0.862474,0.193675,0.114717]
Euler: [0.048,0.0625,-0.26]
Array: 27 466 0.862474 0.193675 0.114717 0.048 0.0625 -0.26 
Server: 
Time: [27,466]
Position: [0.862473,0.193674,0.114717]
Euler: [0.048,0.0625,-0.26]
Array: 27 466 0.862473 0.193674 0.114717 0.048 0.0625 -0.26 
Server: 
Time: [27,466]
Position: [0.862472,0.193673,0.114716]
Euler: [0.0481,0.0626,-0.26]
Array: 27 466 0.862472 0.193673 0.114716 0.0481 0.0626 -0.26 
Server: 
Time: [27,466]
Position: [0.862471,0.193672,0.114715]
Euler: [0.0481,0.0626,-0.26]
Array: 27 466 0.862471 0.193672 0.114715 0.0481 0.0626 -0.26 
Server: 
Time: [27,466]
Position: [0.862471,0.193671,0.114715]
Euler: [0.0481,0.0626,-0.26]
Array: 27 466 0.862471 0.193671 0.114715 0.0481 0.0626 -0.26 
Server: 
Time: [27,466]
Position: [0.86247,0.193671,0.114714]
Euler: [0.0481,0.0627,-0.26]
Array: 27 466 0.86247 0.193671 0.114714 0.0481 0.0627 -0.26 
Server: 
Time: [27,466]
Position: [0.86247,0.193671,0.114714]
Euler: [0.0481,0.0627,-0.26]
Array: 27 466 0.86247 0.193671 0.114714 0.0481 0.0627 -0.26 
Server: 
Time: [27,466]
Position: [0.86247,0.19367,0.114714]
Euler: [0.0481,0.0627,-0.26]
Array: 27 466 0.86247 0.19367 0.114714 0.0481 0.0627 -0.26 
Server: 
Time: [27,466]
Position: [0.862469,0.193669,0.114713]
Euler: [0.0481,0.0627,-0.26]
Array: 27 466 0.862469 0.193669 0.114713 0.0481 0.0627 -0.26 
Server: 
Time: [27,467]
Position: [0.862468,0.193669,0.114712]
Euler: [0.0481,0.0628,-0.26]
Array: 27 467 0.862468 0.193669 0.114712 0.0481 0.0628 -0.26 
Server: 
Time: [27,467]
Position: [0.862468,0.193668,0.114712]
Euler: [0.0481,0.0628,-0.26]
Array: 27 467 0.862468 0.193668 0.114712 0.0481 0.0628 -0.26 
Server: 
Time: [27,467]
Position: [0.862468,0.193668,0.114712]
Euler: [0.0481,0.0628,-0.26]
Array: 27 467 0.862468 0.193668 0.114712 0.0481 0.0628 -0.26 
Server: 
Time: [27,467]
Position: [0.862467,0.193667,0.114711]
Euler: [0.0481,0.0628,-0.26]
Array: 27 467 0.862467 0.193667 0.114711 0.0481 0.0628 -0.26 
Server: 
Time: [27,467]
Position: [0.862467,0.193667,0.114711]
Euler: [0.0481,0.0628,-0.26]
Array: 27 467 0.862467 0.193667 0.114711 0.0481 0.0628 -0.26 
Server: 
Time: [27,467]
Position: [0.862466,0.193667,0.114711]
Euler: [0.0481,0.0629,-0.26]
Array: 27 467 0.862466 0.193667 0.114711 0.0481 0.0629 -0.26 
Server: 
Time: [27,467]
Position: [0.862466,0.193666,0.11471]
Euler: [0.0481,0.0629,-0.26]
Array: 27 467 0.862466 0.193666 0.11471 0.0481 0.0629 -0.26 
Server: 
Time: [27,467]
Position: [0.862465,0.193665,0.114709]
Euler: [0.0482,0.0629,-0.26]
Array: 27 467 0.862465 0.193665 0.114709 0.0482 0.0629 -0.26 
Server: 
Time: [27,467]
Position: [0.862465,0.193665,0.114709]
Euler: [0.0482,0.0629,-0.26]
Array: 27 467 0.862465 0.193665 0.114709 0.0482 0.0629 -0.26 
Server: 
Time: [27,467]
Position: [0.862464,0.193664,0.114708]
Euler: [0.0482,0.063,-0.26]
Array: 27 467 0.862464 0.193664 0.114708 0.0482 0.063 -0.26 
Server: 
Time: [27,467]
Position: [0.862464,0.193664,0.114708]
Euler: [0.0482,0.063,-0.26]
Array: 27 467 0.862464 0.193664 0.114708 0.0482 0.063 -0.26 
Server: 
Time: [27,467]
Position: [0.862463,0.193663,0.114707]
Euler: [0.0482,0.063,-0.26]
Array: 27 467 0.862463 0.193663 0.114707 0.0482 0.063 -0.26 
Server: 
Time: [27,468]
Position: [0.862463,0.193662,0.114707]
Euler: [0.0482,0.063,-0.26]
Array: 27 468 0.862463 0.193662 0.114707 0.0482 0.063 -0.26 
Server: 
Time: [27,468]
Position: [0.862462,0.193662,0.114707]
Euler: [0.0482,0.063,-0.26]
Array: 27 468 0.862462 0.193662 0.114707 0.0482 0.063 -0.26 
Server: 
Time: [27,468]
Position: [0.862462,0.193662,0.114706]
Euler: [0.0482,0.0631,-0.26]
Array: 27 468 0.862462 0.193662 0.114706 0.0482 0.0631 -0.26 
Server: 
Time: [27,468]
Position: [0.862462,0.193661,0.114706]
Euler: [0.0482,0.0631,-0.26]
Array: 27 468 0.862462 0.193661 0.114706 0.0482 0.0631 -0.26 
Server: 
Time: [27,468]
Position: [0.862462,0.193661,0.114706]
Euler: [0.0482,0.0631,-0.26]
Array: 27 468 0.862462 0.193661 0.114706 0.0482 0.0631 -0.26 
Server: 
Time: [27,468]
Position: [0.862461,0.193661,0.114706]
Euler: [0.0482,0.0631,-0.26]
Array: 27 468 0.862461 0.193661 0.114706 0.0482 0.0631 -0.26 
Server: 
Time: [27,468]
Position: [0.862461,0.19366,0.114705]
Euler: [0.0482,0.0631,-0.26]
Array: 27 468 0.862461 0.19366 0.114705 0.0482 0.0631 -0.26 
Server: 
Time: [27,468]
Position: [0.862565,0.193687,0.114996]
Euler: [0.0482,0.052,-0.2594]
Array: 27 468 0.862565 0.193687 0.114996 0.0482 0.052 -0.2594 
Server: 
Time: [27,468]
Position: [0.862565,0.193687,0.114998]
Euler: [0.0482,0.0519,-0.2594]
Array: 27 468 0.862565 0.193687 0.114998 0.0482 0.0519 -0.2594 
Server: 
Time: [27,468]
Position: [0.862565,0.193686,0.114999]
Euler: [0.0482,0.0519,-0.2594]
Array: 27 468 0.862565 0.193686 0.114999 0.0482 0.0519 -0.2594 
Server: 
Time: [27,468]
Position: [0.862566,0.193686,0.115]
Euler: [0.0482,0.0519,-0.2594]
Array: 27 468 0.862566 0.193686 0.115 0.0482 0.0519 -0.2594 
Server: 
Time: [27,468]
Position: [0.862566,0.193686,0.115001]
Euler: [0.0482,0.0518,-0.2594]
Array: 27 468 0.862566 0.193686 0.115001 0.0482 0.0518 -0.2594 
Server: 
Time: [27,468]
Position: [0.862566,0.193686,0.115003]
Euler: [0.0483,0.0518,-0.2594]
Array: 27 468 0.862566 0.193686 0.115003 0.0483 0.0518 -0.2594 
Server: 
Time: [27,468]
Position: [0.862566,0.193686,0.115004]
Euler: [0.0483,0.0517,-0.2594]
Array: 27 468 0.862566 0.193686 0.115004 0.0483 0.0517 -0.2594 
Server: 
Time: [27,468]
Position: [0.862567,0.193685,0.115005]
Euler: [0.0483,0.0517,-0.2594]
Array: 27 468 0.862567 0.193685 0.115005 0.0483 0.0517 -0.2594 
Server: 
Time: [27,468]
Position: [0.862567,0.193685,0.115006]
Euler: [0.0483,0.0516,-0.2594]
Array: 27 468 0.862567 0.193685 0.115006 0.0483 0.0516 -0.2594 
Server: 
Time: [27,469]
Position: [0.862567,0.193685,0.115008]
Euler: [0.0483,0.0516,-0.2594]
Array: 27 469 0.862567 0.193685 0.115008 0.0483 0.0516 -0.2594 
Server: 
Time: [27,469]
Position: [0.862567,0.193685,0.115009]
Euler: [0.0483,0.0515,-0.2594]
Array: 27 469 0.862567 0.193685 0.115009 0.0483 0.0515 -0.2594 
Server: 
Time: [27,469]
Position: [0.862568,0.193684,0.115011]
Euler: [0.0483,0.0515,-0.2594]
Array: 27 469 0.862568 0.193684 0.115011 0.0483 0.0515 -0.2594 
Server: 
Time: [27,469]
Position: [0.862568,0.193684,0.115012]
Euler: [0.0483,0.0514,-0.2594]
Array: 27 469 0.862568 0.193684 0.115012 0.0483 0.0514 -0.2594 
Server: 
Time: [27,469]
Position: [0.862568,0.193684,0.115013]
Euler: [0.0483,0.0514,-0.2594]
Array: 27 469 0.862568 0.193684 0.115013 0.0483 0.0514 -0.2594 
Server: 
Time: [27,469]
Position: [0.862568,0.193684,0.115014]
Euler: [0.0483,0.0514,-0.2594]
Array: 27 469 0.862568 0.193684 0.115014 0.0483 0.0514 -0.2594 
Server: 
Time: [27,469]
Position: [0.862569,0.193684,0.115015]
Euler: [0.0483,0.0513,-0.2594]
Array: 27 469 0.862569 0.193684 0.115015 0.0483 0.0513 -0.2594 
Server: 
Time: [27,469]
Position: [0.862569,0.193683,0.115017]
Euler: [0.0483,0.0513,-0.2594]
Array: 27 469 0.862569 0.193683 0.115017 0.0483 0.0513 -0.2594 
Server: 
Time: [27,469]
Position: [0.862569,0.193683,0.115018]
Euler: [0.0483,0.0512,-0.2594]
Array: 27 469 0.862569 0.193683 0.115018 0.0483 0.0512 -0.2594 
Server: 
Time: [27,469]
Position: [0.862569,0.193683,0.115019]
Euler: [0.0483,0.0512,-0.2594]
Array: 27 469 0.862569 0.193683 0.115019 0.0483 0.0512 -0.2594 
Server: 
Time: [27,469]
Position: [0.862569,0.193683,0.11502]
Euler: [0.0483,0.0511,-0.2594]
Array: 27 469 0.862569 0.193683 0.11502 0.0483 0.0511 -0.2594 
Server: 
Time: [27,469]
Position: [0.86257,0.193683,0.115022]
Euler: [0.0483,0.0511,-0.2594]
Array: 27 469 0.86257 0.193683 0.115022 0.0483 0.0511 -0.2594 
Server: 
Time: [27,469]
Position: [0.86257,0.193682,0.115023]
Euler: [0.0483,0.0511,-0.2594]
Array: 27 469 0.86257 0.193682 0.115023 0.0483 0.0511 -0.2594 
Server: 
Time: [27,469]
Position: [0.86257,0.193682,0.115024]
Euler: [0.0483,0.051,-0.2594]
Array: 27 469 0.86257 0.193682 0.115024 0.0483 0.051 -0.2594 
Server: 
Time: [27,469]
Position: [0.86257,0.193682,0.115025]
Euler: [0.0483,0.051,-0.2594]
Array: 27 469 0.86257 0.193682 0.115025 0.0483 0.051 -0.2594 
Server: 
Time: [27,469]
Position: [0.862571,0.193682,0.115026]
Euler: [0.0483,0.0509,-0.2594]
Array: 27 469 0.862571 0.193682 0.115026 0.0483 0.0509 -0.2594 
Server: 
Time: [27,469]
Position: [0.862571,0.193682,0.115028]
Euler: [0.0483,0.0509,-0.2594]
Array: 27 469 0.862571 0.193682 0.115028 0.0483 0.0509 -0.2594 
Server: 
Time: [27,469]
Position: [0.862571,0.193681,0.115029]
Euler: [0.0483,0.0508,-0.2594]
Array: 27 469 0.862571 0.193681 0.115029 0.0483 0.0508 -0.2594 
Server: 
Time: [27,792]
Position: [0.862574,0.193698,0.115047]
Euler: [0.0476,0.0494,-0.2593]
Array: 27 792 0.862574 0.193698 0.115047 0.0476 0.0494 -0.2593 
Server: 
Time: [27,792]
Position: [0.862575,0.193698,0.115047]
Euler: [0.0476,0.0494,-0.2593]
Array: 27 792 0.862575 0.193698 0.115047 0.0476 0.0494 -0.2593 
Server: 
Time: [27,792]
Position: [0.862575,0.193698,0.115048]
Euler: [0.0476,0.0494,-0.2593]
Array: 27 792 0.862575 0.193698 0.115048 0.0476 0.0494 -0.2593 
Server: 
Time: [27,792]
Position: [0.862575,0.193698,0.115048]
Euler: [0.0476,0.0494,-0.2593]
Array: 27 792 0.862575 0.193698 0.115048 0.0476 0.0494 -0.2593 
Server: 
Time: [27,792]
Position: [0.862575,0.193698,0.115048]
Euler: [0.0476,0.0493,-0.2593]
Array: 27 792 0.862575 0.193698 0.115048 0.0476 0.0493 -0.2593 
Server: 
Time: [27,792]
Position: [0.862576,0.193699,0.115049]
Euler: [0.0476,0.0493,-0.2593]
Array: 27 792 0.862576 0.193699 0.115049 0.0476 0.0493 -0.2593 
Server: 
Time: [27,792]
Position: [0.862576,0.193699,0.115049]
Euler: [0.0476,0.0493,-0.2593]
Array: 27 792 0.862576 0.193699 0.115049 0.0476 0.0493 -0.2593 
Server: 
Time: [27,793]
Position: [0.862576,0.193699,0.115049]
Euler: [0.0475,0.0493,-0.2593]
Array: 27 793 0.862576 0.193699 0.115049 0.0475 0.0493 -0.2593 
Server: 
Time: [27,793]
Position: [0.862577,0.193699,0.11505]
Euler: [0.0475,0.0493,-0.2593]
Array: 27 793 0.862577 0.193699 0.11505 0.0475 0.0493 -0.2593 
Server: 
Time: [27,793]
Position: [0.862577,0.193699,0.11505]
Euler: [0.0475,0.0492,-0.2593]
Array: 27 793 0.862577 0.193699 0.11505 0.0475 0.0492 -0.2593 
Server: 
Time: [27,793]
Position: [0.862577,0.1937,0.11505]
Euler: [0.0475,0.0492,-0.2593]
Array: 27 793 0.862577 0.1937 0.11505 0.0475 0.0492 -0.2593 
Server: 
Time: [27,793]
Position: [0.862578,0.1937,0.115051]
Euler: [0.0475,0.0492,-0.2592]
Array: 27 793 0.862578 0.1937 0.115051 0.0475 0.0492 -0.2592 
Server: 
Time: [27,793]
Position: [0.862578,0.1937,0.115051]
Euler: [0.0475,0.0492,-0.2592]
Array: 27 793 0.862578 0.1937 0.115051 0.0475 0.0492 -0.2592 
Server: 
Time: [27,793]
Position: [0.862578,0.1937,0.115051]
Euler: [0.0475,0.0492,-0.2592]
Array: 27 793 0.862578 0.1937 0.115051 0.0475 0.0492 -0.2592 
Server: 
Time: [27,793]
Position: [0.862578,0.1937,0.115052]
Euler: [0.0475,0.0492,-0.2592]
Array: 27 793 0.862578 0.1937 0.115052 0.0475 0.0492 -0.2592 
Server: 
Time: [27,793]
Position: [0.862579,0.193701,0.115052]
Euler: [0.0475,0.0491,-0.2592]
Array: 27 793 0.862579 0.193701 0.115052 0.0475 0.0491 -0.2592 
Server: 
Time: [27,793]
Position: [0.862579,0.193701,0.115052]
Euler: [0.0475,0.0491,-0.2592]
Array: 27 793 0.862579 0.193701 0.115052 0.0475 0.0491 -0.2592 
Server: 
Time: [27,793]
Position: [0.862579,0.193701,0.115052]
Euler: [0.0475,0.0491,-0.2592]
Array: 27 793 0.862579 0.193701 0.115052 0.0475 0.0491 -0.2592 
Server: 
Time: [27,793]
Position: [0.862579,0.193701,0.115053]
Euler: [0.0475,0.0491,-0.2592]
Array: 27 793 0.862579 0.193701 0.115053 0.0475 0.0491 -0.2592 
Server: 
Time: [27,793]
Position: [0.86258,0.193701,0.115053]
Euler: [0.0475,0.0491,-0.2592]
Array: 27 793 0.86258 0.193701 0.115053 0.0475 0.0491 -0.2592 
Server: 
Time: [27,793]
Position: [0.86258,0.193702,0.115053]
Euler: [0.0475,0.049,-0.2592]
Array: 27 793 0.86258 0.193702 0.115053 0.0475 0.049 -0.2592 
Server: 
Time: [27,793]
Position: [0.86258,0.193702,0.115054]
Euler: [0.0475,0.049,-0.2592]
Array: 27 793 0.86258 0.193702 0.115054 0.0475 0.049 -0.2592 
Server: 
Time: [27,793]
Position: [0.862581,0.193702,0.115054]
Euler: [0.0475,0.049,-0.2592]
Array: 27 793 0.862581 0.193702 0.115054 0.0475 0.049 -0.2592 
Server: 
Time: [27,793]
Position: [0.862581,0.193702,0.115054]
Euler: [0.0475,0.049,-0.2592]
Array: 27 793 0.862581 0.193702 0.115054 0.0475 0.049 -0.2592 
Server: 
Time: [27,793]
Position: [0.862581,0.193702,0.115055]
Euler: [0.0475,0.049,-0.2592]
Array: 27 793 0.862581 0.193702 0.115055 0.0475 0.049 -0.2592 
Server: 
Time: [27,794]
Position: [0.862581,0.193703,0.115055]
Euler: [0.0474,0.0489,-0.2592]
Array: 27 794 0.862581 0.193703 0.115055 0.0474 0.0489 -0.2592 
Server: 
Time: [27,794]
Position: [0.862582,0.193703,0.115055]
Euler: [0.0474,0.0489,-0.2592]
Array: 27 794 0.862582 0.193703 0.115055 0.0474 0.0489 -0.2592 
Server: 
Time: [27,794]
Position: [0.862582,0.193703,0.115056]
Euler: [0.0474,0.0489,-0.2592]
Array: 27 794 0.862582 0.193703 0.115056 0.0474 0.0489 -0.2592 
Server: 
Time: [27,794]
Position: [0.862582,0.193703,0.115056]
Euler: [0.0474,0.0489,-0.2592]
Array: 27 794 0.862582 0.193703 0.115056 0.0474 0.0489 -0.2592 
Server: 
Time: [27,794]
Position: [0.862582,0.193703,0.115056]
Euler: [0.0474,0.0489,-0.2592]
Array: 27 794 0.862582 0.193703 0.115056 0.0474 0.0489 -0.2592 
Server: 
Time: [27,794]
Position: [0.862583,0.193703,0.115057]
Euler: [0.0474,0.0489,-0.2592]
Array: 27 794 0.862583 0.193703 0.115057 0.0474 0.0489 -0.2592 
Server: 
Time: [27,794]
Position: [0.862583,0.193704,0.115057]
Euler: [0.0474,0.0488,-0.2592]
Array: 27 794 0.862583 0.193704 0.115057 0.0474 0.0488 -0.2592 
Server: 
Time: [27,794]
Position: [0.862583,0.193704,0.115057]
Euler: [0.0474,0.0488,-0.2592]
Array: 27 794 0.862583 0.193704 0.115057 0.0474 0.0488 -0.2592 
Server: 
Time: [27,794]
Position: [0.862584,0.193704,0.115057]
Euler: [0.0474,0.0488,-0.2592]
Array: 27 794 0.862584 0.193704 0.115057 0.0474 0.0488 -0.2592 
Server: 
Time: [27,794]
Position: [0.862584,0.193704,0.115058]
Euler: [0.0474,0.0488,-0.2592]
Array: 27 794 0.862584 0.193704 0.115058 0.0474 0.0488 -0.2592 
Server: 
Time: [27,794]
Position: [0.862584,0.193704,0.115058]
Euler: [0.0474,0.0488,-0.2592]
Array: 27 794 0.862584 0.193704 0.115058 0.0474 0.0488 -0.2592 
Server: 
Time: [27,794]
Position: [0.862584,0.193705,0.115058]
Euler: [0.0474,0.0487,-0.2592]
Array: 27 794 0.862584 0.193705 0.115058 0.0474 0.0487 -0.2592 
Server: 
Time: [27,794]
Position: [0.862585,0.193705,0.115059]
Euler: [0.0474,0.0487,-0.2592]
Array: 27 794 0.862585 0.193705 0.115059 0.0474 0.0487 -0.2592 
Server: 
Time: [27,794]
Position: [0.862585,0.193705,0.115059]
Euler: [0.0474,0.0487,-0.2592]
Array: 27 794 0.862585 0.193705 0.115059 0.0474 0.0487 -0.2592 
Server: 
Time: [27,794]
Position: [0.862585,0.193705,0.115059]
Euler: [0.0474,0.0487,-0.2592]
Array: 27 794 0.862585 0.193705 0.115059 0.0474 0.0487 -0.2592 
Server: 
Time: [27,794]
Position: [0.862586,0.193705,0.11506]
Euler: [0.0474,0.0487,-0.2592]
Array: 27 794 0.862586 0.193705 0.11506 0.0474 0.0487 -0.2592 
Server: 
Time: [27,794]
Position: [0.862586,0.193706,0.11506]
Euler: [0.0474,0.0487,-0.2592]
Array: 27 794 0.862586 0.193706 0.11506 0.0474 0.0487 -0.2592 
Server: 
Time: [27,794]
Position: [0.862586,0.193706,0.11506]
Euler: [0.0474,0.0486,-0.2592]
Array: 27 794 0.862586 0.193706 0.11506 0.0474 0.0486 -0.2592 
Server: 
Time: [27,794]
Position: [0.862586,0.193706,0.115061]
Euler: [0.0474,0.0486,-0.2592]
Array: 27 794 0.862586 0.193706 0.115061 0.0474 0.0486 -0.2592 
Server: 
Time: [27,795]
Position: [0.862587,0.193706,0.115061]
Euler: [0.0473,0.0486,-0.2592]
Array: 27 795 0.862587 0.193706 0.115061 0.0473 0.0486 -0.2592 
Server: 
Time: [27,795]
Position: [0.862587,0.193706,0.115061]
Euler: [0.0473,0.0486,-0.2592]
Array: 27 795 0.862587 0.193706 0.115061 0.0473 0.0486 -0.2592 
Server: 
Time: [27,795]
Position: [0.862587,0.193706,0.115061]
Euler: [0.0473,0.0486,-0.2592]
Array: 27 795 0.862587 0.193706 0.115061 0.0473 0.0486 -0.2592 
Server: 
Time: [27,795]
Position: [0.862587,0.193707,0.115062]
Euler: [0.0473,0.0485,-0.2592]
Array: 27 795 0.862587 0.193707 0.115062 0.0473 0.0485 -0.2592 
Server: 
Time: [27,795]
Position: [0.862588,0.193707,0.115062]
Euler: [0.0473,0.0485,-0.2592]
Array: 27 795 0.862588 0.193707 0.115062 0.0473 0.0485 -0.2592 
Server: 
Time: [27,795]
Position: [0.862588,0.193707,0.115062]
Euler: [0.0473,0.0485,-0.2592]
Array: 27 795 0.862588 0.193707 0.115062 0.0473 0.0485 -0.2592 
Server: 
Time: [27,900]
Position: [0.862563,0.19367,0.115]
Euler: [0.0482,0.0508,-0.2596]
Array: 27 900 0.862563 0.19367 0.115 0.0482 0.0508 -0.2596 
Server: 
Time: [27,900]
Position: [0.862563,0.19367,0.115]
Euler: [0.0482,0.0508,-0.2596]
Array: 27 900 0.862563 0.19367 0.115 0.0482 0.0508 -0.2596 
Server: 
Time: [27,900]
Position: [0.862563,0.19367,0.115]
Euler: [0.0482,0.0508,-0.2596]
Array: 27 900 0.862563 0.19367 0.115 0.0482 0.0508 -0.2596 
Server: 
Time: [27,900]
Position: [0.862563,0.19367,0.115]
Euler: [0.0482,0.0508,-0.2596]
Array: 27 900 0.862563 0.19367 0.115 0.0482 0.0508 -0.2596 
Server: 
Time: [27,901]
Position: [0.862563,0.19367,0.115]
Euler: [0.0482,0.0508,-0.2596]

