Euler: [0.055,0.0498,-1.6193]
Array: 0.014558 0.012816 0.103028 0.055 0.0498 -1.6193 
Server: 
Position: [0.014552,0.012801,0.103077]
Euler: [0.0549,0.0496,-1.6194]
Array: 0.014552 0.012801 0.103077 0.0549 0.0496 -1.6194 
Server: 
Position: [0.0145,0.012904,0.102957]
Euler: [0.0548,0.0485,-1.62]
Array: 0.0145 0.012904 0.102957 0.0548 0.0485 -1.62 
Server: 
Position: [0.014539,0.012878,0.103027]
Euler: [0.0524,0.0485,-1.6199]
Array: 0.014539 0.012878 0.103027 0.0524 0.0485 -1.6199 
Server: 
Position: [0.014535,0.012875,0.103025]
Euler: [0.0557,0.0493,-1.6199]
Array: 0.014535 0.012875 0.103025 0.0557 0.0493 -1.6199 
Server: 
Position: [0.014589,0.012845,0.103066]
Euler: [0.0567,0.0499,-1.6197]
Array: 0.014589 0.012845 0.103066 0.0567 0.0499 -1.6197 
Server: 
Position: [0.014516,0.012854,0.103023]
Euler: [0.0563,0.0496,-1.6201]
Array: 0.014516 0.012854 0.103023 0.0563 0.0496 -1.6201 
Server: 
Position: [0.014517,0.01297,0.102996]
Euler: [0.0559,0.0489,-1.6204]
Array: 0.014517 0.01297 0.102996 0.0559 0.0489 -1.6204 
Server: 
Position: [0.014553,0.012899,0.103008]
Euler: [0.0548,0.0491,-1.6201]
Array: 0.014553 0.012899 0.103008 0.0548 0.0491 -1.6201 
Server: 
Position: [0.014537,0.012829,0.103039]
Euler: [0.0569,0.0502,-1.6198]
Array: 0.014537 0.012829 0.103039 0.0569 0.0502 -1.6198 
Server: 
Position: [0.014547,0.012924,0.102953]
Euler: [0.0558,0.0487,-1.6201]
Array: 0.014547 0.012924 0.102953 0.0558 0.0487 -1.6201 
Server: 
Position: [0.014543,0.01289,0.103033]
Euler: [0.0543,0.0488,-1.6202]
Array: 0.014543 0.01289 0.103033 0.0543 0.0488 -1.6202 
Server: 
Position: [0.014582,0.012868,0.103086]
Euler: [0.0549,0.0495,-1.62]
Array: 0.014582 0.012868 0.103086 0.0549 0.0495 -1.62 
Server: 
Position: [0.014539,0.012897,0.103004]
Euler: [0.0553,0.0489,-1.6202]
Array: 0.014539 0.012897 0.103004 0.0553 0.0489 -1.6202 
Server: 
Position: [0.014554,0.012918,0.103012]
Euler: [0.0558,0.0494,-1.6204]
Array: 0.014554 0.012918 0.103012 0.0558 0.0494 -1.6204 
Server: 
Position: [0.014561,0.012868,0.102993]
Euler: [0.0549,0.0492,-1.6193]
Array: 0.014561 0.012868 0.102993 0.0549 0.0492 -1.6193 
Server: 
Position: [0.014551,0.012839,0.103028]
Euler: [0.0542,0.0489,-1.62]
Array: 0.014551 0.012839 0.103028 0.0542 0.0489 -1.62 
Server: 
Position: [0.014587,0.012882,0.103046]
Euler: [0.0545,0.0492,-1.6198]
Array: 0.014587 0.012882 0.103046 0.0545 0.0492 -1.6198 
Server: 
Position: [0.014544,0.012912,0.102971]
Euler: [0.0548,0.0485,-1.6204]
Array: 0.014544 0.012912 0.102971 0.0548 0.0485 -1.6204 
Server: 
Position: [0.014538,0.012896,0.103053]
Euler: [0.0572,0.0498,-1.6202]
Array: 0.014538 0.012896 0.103053 0.0572 0.0498 -1.6202 
Server: 
Position: [0.014535,0.012881,0.103035]
Euler: [0.0569,0.0495,-1.6201]
Array: 0.014535 0.012881 0.103035 0.0569 0.0495 -1.6201 
Server: 
Position: [0.014606,0.012889,0.103091]
Euler: [0.0535,0.0492,-1.6195]
Array: 0.014606 0.012889 0.103091 0.0535 0.0492 -1.6195 
Server: 
Position: [0.014495,0.012857,0.102999]
Euler: [0.0538,0.0488,-1.6198]
Array: 0.014495 0.012857 0.102999 0.0538 0.0488 -1.6198 
Server: 
Position: [0.01455,0.012882,0.10303]
Euler: [0.0553,0.0491,-1.6203]
Array: 0.01455 0.012882 0.10303 0.0553 0.0491 -1.6203 
Server: 
Position: [0.014537,0.012895,0.103048]
Euler: [0.0565,0.0497,-1.6203]
Array: 0.014537 0.012895 0.103048 0.0565 0.0497 -1.6203 
Server: 
Position: [0.01454,0.012884,0.102991]
Euler: [0.0551,0.0483,-1.6203]
Array: 0.01454 0.012884 0.102991 0.0551 0.0483 -1.6203 
Server: 
Position: [0.014484,0.012863,0.103114]
Euler: [0.0574,0.0511,-1.6195]
Array: 0.014484 0.012863 0.103114 0.0574 0.0511 -1.6195 
Server: 
Position: [0.014611,0.012868,0.103044]
Euler: [0.0554,0.0494,-1.6196]
Array: 0.014611 0.012868 0.103044 0.0554 0.0494 -1.6196 
Server: 
Position: [0.014509,0.012839,0.10299]
Euler: [0.0531,0.0491,-1.6197]
Array: 0.014509 0.012839 0.10299 0.0531 0.0491 -1.6197 
Server: 
Position: [0.014567,0.012847,0.103094]
Euler: [0.0579,0.0496,-1.6198]
Array: 0.014567 0.012847 0.103094 0.0579 0.0496 -1.6198 
Server: 
Position: [0.014579,0.012882,0.103046]
Euler: [0.0555,0.0495,-1.6199]
Array: 0.014579 0.012882 0.103046 0.0555 0.0495 -1.6199 
Server: 
Position: [0.014527,0.012927,0.103008]
Euler: [0.0549,0.0486,-1.6207]
Array: 0.014527 0.012927 0.103008 0.0549 0.0486 -1.6207 
Server: 
Position: [0.014469,0.012831,0.103006]
Euler: [0.0552,0.0506,-1.6199]
Array: 0.014469 0.012831 0.103006 0.0552 0.0506 -1.6199 
Server: 
Position: [0.014532,0.012894,0.102998]
Euler: [0.0552,0.0489,-1.6203]
Array: 0.014532 0.012894 0.102998 0.0552 0.0489 -1.6203 
Server: 
Position: [0.014587,0.012911,0.103026]
Euler: [0.0561,0.0495,-1.6198]
Array: 0.014587 0.012911 0.103026 0.0561 0.0495 -1.6198 
Server: 
Position: [0.014545,0.012825,0.10303]
Euler: [0.0554,0.0494,-1.6195]
Array: 0.014545 0.012825 0.10303 0.0554 0.0494 -1.6195 
Server: 
Position: [0.014542,0.012946,0.102968]
Euler: [0.0534,0.0479,-1.6209]
Array: 0.014542 0.012946 0.102968 0.0534 0.0479 -1.6209 
Server: 
Position: [0.014527,0.012844,0.10302]
Euler: [0.0547,0.0493,-1.6202]
Array: 0.014527 0.012844 0.10302 0.0547 0.0493 -1.6202 
Server: 
Position: [0.014554,0.012862,0.103026]
Euler: [0.0552,0.0491,-1.6202]
Array: 0.014554 0.012862 0.103026 0.0552 0.0491 -1.6202 
Server: 
Position: [0.014556,0.012862,0.103094]
Euler: [0.0533,0.0493,-1.6198]
Array: 0.014556 0.012862 0.103094 0.0533 0.0493 -1.6198 
Server: 
Position: [0.014542,0.012899,0.102997]
Euler: [0.0548,0.0484,-1.6203]
Array: 0.014542 0.012899 0.102997 0.0548 0.0484 -1.6203 
Server: 
Position: [0.01453,0.012789,0.103103]
Euler: [0.0525,0.0498,-1.6188]
Array: 0.01453 0.012789 0.103103 0.0525 0.0498 -1.6188 
^C[INFO] [1742557332.238923318] [rclcpp]: signal_handler(signum=2)
Server: 
Position: [0.014534,0.012889,0.103017]
Euler: [0.0532,0.0481,-1.6202]
Array: 0.014534 0.012889 0.103017 0.0532 0.0481 -1.6202 

